435 34
118
1 236 1 
1 187 2 
1 192 3 
1 195 4 
1 253 6 
1 247 7 
1 177 8 
1 208 9 
1 212 10 
1 272 12 
1 182 13 
1 239 14 
1 178 15 
1 242 16 
1 206 17 
1 207 18 
1 212 19 
1 216 20 
1 264 21 
1 233 23 
1 201 25 
1 209 26 
1 248 28 
1 233 29 
1 174 30 
1 269 32 
1 267 34 
2 190 1 12 
2 219 6 7 
2 188 6 9 
2 201 6 14 
2 215 6 16 
2 180 6 18 
2 201 6 23 
2 231 6 34 
2 195 7 9 
2 197 7 14 
2 211 7 16 
2 180 7 18 
2 202 7 23 
2 178 7 25 
2 245 7 34 
2 188 9 14 
2 204 9 16 
2 179 9 18 
2 177 9 23 
2 200 9 34 
2 197 10 12 
2 184 10 17 
2 194 10 28 
2 188 12 17 
2 186 12 26 
2 214 12 28 
2 193 12 29 
2 210 14 16 
2 182 14 18 
2 184 14 23 
2 200 14 34 
2 192 16 18 
2 194 16 23 
2 176 16 25 
2 218 16 34 
2 176 17 28 
2 188 18 34 
2 213 23 34 
2 179 25 34 
2 177 26 28 
2 188 28 29 
3 181 6 7 9 
3 182 6 7 14 
3 198 6 7 16 
3 186 6 7 23 
3 219 6 7 34 
3 186 6 9 16 
3 184 6 9 34 
3 187 6 14 16 
3 184 6 14 34 
3 179 6 16 23 
3 203 6 16 34 
3 192 6 23 34 
3 178 7 9 14 
3 192 7 9 16 
3 194 7 9 34 
3 185 7 14 16 
3 195 7 14 34 
3 174 7 16 18 
3 181 7 16 23 
3 210 7 16 34 
3 179 7 18 34 
3 201 7 23 34 
3 176 7 25 34 
3 184 9 14 16 
3 182 9 14 34 
3 175 9 16 18 
3 174 9 16 23 
3 197 9 16 34 
3 174 10 12 17 
3 180 10 12 28 
3 189 14 16 34 
3 179 16 18 34 
3 186 16 23 34 
4 179 6 7 9 16 
4 181 6 7 9 34 
4 174 6 7 14 16 
4 182 6 7 14 34 
4 198 6 7 16 34 
4 186 6 7 23 34 
4 182 6 9 16 34 
4 176 6 14 16 34 
4 175 7 9 14 16 
4 177 7 9 14 34 
4 191 7 9 16 34 
4 184 7 14 16 34 
4 180 7 16 23 34 
4 179 9 14 16 34 
5 179 6 7 9 16 34 
5 174 6 7 14 16 34 
5 174 7 9 14 16 34 
